NORTHERN CAPE
Frances Baard
Frances Baard
John Taolo Gaetsewe
Namakwa
Namakwa
Pixley Ka Seme
Z F MGCAWU

300014406 2014406 DEGANIA HIGH SCHOOL                                   5                                                                        0               7              7             100,0           0             12            12               100,0
300015402 2015402 EMMANUEL SECODARY SCHOOL                              3           3             81            14               17,3            2             46            34               73,9            0             146           134              91,8
300017225 2017225 FUTURUM ACADEMY                                       5                                                                        0             12            12               100,0           0               7              7             100,0
300012601 2012601 H/Landbouskool Noord-Kaapland                         5           1             47            40               85,1            0             39            38               97,4            0             55            52               94,5
300017306 2017302 H/SCHOOL BANKSDRIFT                                   1         39              97            34               35,1          19              158           59               37,3          29              100           58               58,0
300013401 2013401 H/SCHOOL BORESETSE                                    3         20              142           86               60,6            5             132           88               66,7            5             178           113              63,5
300013302 2013302 H/SCHOOL DIKGATLONG                                   1         18              58            26               44,8          12              63            39               61,9          12              57            38               66,7
300015406 2015406 H/SCHOOL E P LEKHELA                                  2         15              61            38               62,3            7             83            60               72,3          17              79            42               53,2
300010706 2010706 H/SCHOOL ELIZABETH CONRADIE                           5           1             16            15               93,8            1             21            15               71,4            1             20            18               90,0
300011303 2011303 H/SCHOOL EMANG MMOGO                                  2         20              112           67               59,8          16              117           78               66,7          15              110           65               59,1
300011401 2011401 H/SCHOOL FLOORS HIGH                                  4         16              133           95               71,4          16              146           107              73,3          15              147           101              68,7
300017407 2017407 H/SCHOOL FLOORS NO2                                   3           8             107           77               72,0          10              73            47               64,4            8             93            76               81,7
300016403 2016403 H/SCHOOL GREENPOINT                                   3         29              74            31               41,9          13              68            34               50,0          18              97            49               50,5
300012402 2012402 H/SCHOOL HOMEVALE                                     3         42              102           40               39,2          10              195           99               50,8          65              159           71               44,7
300100690 2100690 H/SCHOOL KGOMOTSO                                     2         54              202           88               43,6          14              237           139              58,6          23              281           180              64,1
300017404 2017404 H/SCHOOL MOGOMOTSI                                    1         48              163           113              69,3          49              213           125              58,7          50              234           151              64,5
300101600 2101600 H/SCHOOL PAMPIERSTAD                                  3         48              140           97               69,3          37              220           156              70,9          46              277           201              72,6
300014402 2014402 H/SCHOOL ST BONIFACE                                  5           8             176           146              83,0            4             146           120              82,2            2             137           108              78,8
300016402 2016402 H/SCHOOL TETLANYO                                     2         20              169           104              61,5          20              183           142              77,6          30              221           177              80,1
300012403 2012403 H/SCHOOL THABANE                                      2         23              102           57               55,9          21              126           98               77,8          15              102           71               69,6
300017405 2017405 H/SCHOOL TLHWAHALANG                                  1         19              73            51               69,9          12              92            61               66,3          27              134           79               59,0
300015405 2015405 H/SCHOOL TSHIRELECO                                   2         13              82            47               57,3            2             79            42               53,2            3             118           86               72,9
300012404 2012404 H/SCHOOL VUYOLWETHU                                   2         32              176           112              63,6            8             190           122              64,2          12              255           173              67,8
300014403 2014403 H/SCHOOL WILLIAM PESCOD                               4         29              133           98               73,7          23              170           131              77,1          16              160           129              80,6
300012401 2012401 H/skool Adamantia                                     5           2             75            68               90,7            0             81            78               96,3            2             87            84               96,6
300012301 2012301 H/skool Barkly-Wes                                    3         22              90            26               28,9            8             77            38               49,4          15              74            51               68,9
300011304 2011304 H/skool Delportshoop                                  3         22              69            21               30,4          12              85            51               60,0          11              51            36               70,6
300015401 2015401 H/skool Diamantveld                                   5           0             141           139              98,6            0             128           128              100,0           2             139           137              98,6
300017401 2017401 H/skool Hartswater                                    4           9             69            68               98,6            6             55            52               94,5            2             53            52               98,1
300011402 2011402 H/skool Noord-Kaap                                    5           2             199           182              91,5            0             186           177              95,2            0             199           176              88,4
300015404 2015404 H/skool Pescodia                                      3         29              77            35               45,5          16              83            53               63,9          24              107           71               66,4
300014303 2014303 H/skool Rietvale                                      1         36              108           42               38,9          29              148           64               43,2          49              150           73               48,7
300017402 2017402 H/skool Vaalharts                                     5           0             38            38               100,0           0             39            35               89,7            0             38            38               100,0
300013402 2013402 H/skool Vaalrivier                                    5           2             25            23               92,0            0             25            23               92,0            1             31            30               96,8
300017403 2017403 H/skool Warrenton                                     4           1             15            13               86,7            1             17            15               88,2            0             10            10               100,0
300017305 2017305 H/skool Warrenvale                                    2           0             26            14               53,8            0             24            18               75,0            1             17            12               70,6
300011501 2011501 H/Tegniese Skool Kimberley                            5         14              134           107              79,9            4             100           77               77,0            2             153           137              89,5
300016302 2016302 Ixunkhwesa Combined School                            1           4             12               7             58,3            3             19               8             42,1            6             35            14               40,0
300015403 2015403 Kimberley Boys’ High School                           5           4             93            84               90,3            5             111           95               85,6            1             105           87               82,9
300011403 2011403 Kimberley Girls’ High School                          5           0             145           144              99,3            0             146           145              99,3            0             151           148              98,0
300010705 2010705 Re Tlameleng Special School                           5                                                                        2               8              2             25,0            2               3              1             33,3
300012304 2012304 Reakantswe Intermediate School                        1           1             57            20               35,1            8             66            24               36,4          15              96            48               50,0
300016404 2016404 ROODEPAN HIGH SCHOOL                                  3         43              82            36               43,9         14              100           74               74,0          34              118           76               64,4
300011405 2011405 TSWELOPELE SECONDARY SCHOOL                           5                                                                       0             14            14               100,0           0             14            13               92,9
300017304 2017304 Vaalharts Gekombineerde Skool                         1           4             12               8             66,7           4             25            14               56,0            0             30            14               46,7
300017409 2017409 VALSPAN HIGH SCHOOL                                   3         24              97            54               55,7         12              120           73               60,8          18              97            59               60,8
300100037 2100037 H/SCHOOL BA-GALOTLHARE                                1         32              78            50               64,1         22              92            50               54,3            0             85            56               65,9
300104042 2104042 H/SCHOOL BA-GA-PHADIMA                                3           0             45            33               73,3           0             46            41               89,1            0             68            49               72,1
300100055 2100055 H/SCHOOL BAITIREDI TECH                               3         49              190           90               47,4           0             198           137              69,2            2             181           115              63,5
300106000 2045219 H/SCHOOL BANKHARA BODULONG                            1         54              92            57               62,0           0             86            57               66,3            0             124           70               56,5
300100095 2100095 H/SCHOOL BATLHARO- TLHAPING                           3         102             171           93               54,4           0             212           123              58,0            0             187           123              65,8
300100557 2100557 H/SCHOOL BOTHITHONG                                   1         18              57            42               73,7           0             73            54               74,0            0             89            74               83,1
300100271 2100271 H/SCHOOL DIBOTSWA                                     1         86              185           116              62,7         69              195           151              77,4          30              176           152              86,4
300100397 2100397 H/SCHOOL GALALETSANG                                  3         90              251           87               34,7           0             155           123              79,4            0             246           155              63,0
300044208 2044208 H/SCHOOL GAMAGARA                                     1         22              72            50               69,4           0             113           74               65,5          50              129           96               74,4
300100526 2100526 H/SCHOOL IKAKANYENG                                   1           3             19            13               68,4           0             32            18               56,3            0             23            17               73,9
300100573 2100573 H/SCHOOL ITLOTLENG                                    1         24              71            43               60,6           4             60            46               76,7          10              86            54               62,8
300100769 2100769 H/SCHOOL K P TOTO TECH & COMM                         1         66              162           104              64,2           1             201           149              74,1            0             198           143              72,2
300100774 2100774 H/SCHOOL K S SHUPING                                  1         60              111           36               32,4         10              142           69               48,6          52              157           66               42,0
300100646 2100646 H/SCHOOL KEGOMODITSWE                                 1           8             37            16               43,2           0             53            35               66,0            0             70            41               58,6
300100873 2100873 H/SCHOOL LESEDI                                       1         101             149           65               43,6           0             140           66               47,1            0             195           70               35,9
300101402 2101402 H/SCHOOL MOSHAWENG                                    1         27              99            59               59,6           0             91            50               54,9            0             90            66               73,3
300101486 2101486 H/SCHOOL NAMETSEGANG                                  1           4             93            74               79,6         15              137           98               71,5          24              114           110              96,5
300101562 2101562 H/SCHOOL OLEBOGENG                                    1           4             64            32               50,0           0             67            33               49,3            0             83            53               63,9
300101617 2101617 H/SCHOOL PHAKANE                                      3         20              78            55               70,5         10              89            68               76,4            0             125           97               77,6
300101655 2101655 H/SCHOOL PITSO-JANTJIE                                3         35              132           98               74,2           0             176           122              69,3          12              140           117              83,6
300101821 2101821 H/SCHOOL REKGARATLHILE                                3         90              113           36               31,9           3             166           80               48,2            0             217           121              55,8
300101827 2101827 H/SCHOOL REMMOGO                                      3         32              251           136              54,2         76              263           158              60,1            0             286           167              58,4
300101920 2101920 H/SCHOOL SEGOPOTSO                                    3           7             31            20               64,5           0             32            23               71,9            4             48            44               91,7
300045401 2045401 H/skool Kalahari                                      5         23              188           157              83,5           1             179           176              98,3            2             160           150              93,8
300044402 2044402 H/skool Kathu                                         5         19              157           125              79,6         31              145           122              84,1          11              159           139              87,4
300044302 2044302 H/skool Langberg                                      3           4             83            59               71,1           0             66            52               78,8            0             97            53               54,6
300045403 2045403 H/skool Wrenchville                                   3         18              132           104              78,8           0             117           85               72,6            0             113           83               73,5
300045303 2045303 Hotazel Combined School                               3           5             34            32               94,1           0             49            31               63,3            0             50            30               60,0
300045209 2045209 HOTAZEL PRIMARY                                       5           0             21            18               85,7           0             28            26               92,9            0             37            33               89,2
300101056 2101056 MAMASILO INTERMEDIATE SCHOOL                          1                                                                       0             92            29               31,5            0             70            41               58,6
300051301 2051301 SEDIBA ACADEMY                                        5                                                                       0             12            11               91,7            1             15            13               86,7
300034302 2034302 Brandvlei Intermediate School                         2           7             27            19               70,4           0             24            18               75,0            0             26            24               92,3
300032302 2032302 F J Smit Intermediate School                          5           2             15            14               93,3           3             33            29               87,9            3             23            22               95,7
300034206 2034206 H/skool Aggeneys                                      5           2             26            22               84,6           2             27            23               85,2            0             25            23               92,0
300031402 2031402 H/skool Alexanderbaai                                 5           0             33            26               78,8           0             19            15               78,9            0             39            30               76,9
300034304 2034304 H/skool Boesmanland                                   4           8             52            41               78,8           5             69            52               75,4            0             76            54               71,1
300033402 2033402 H/skool Calvinia                                      5           0             25            25               100,0           2             26            24               92,3            2             37            37               100,0
300031401 2031401 H/skool Concordia                                     4           3             64            53               82,8            1             74            69               93,2            0             70            67               95,7
300033301 2033301 H/skool Fraserburg                                    2           3             15            12               80,0            0             23            23               100,0           0             18            17               94,4
300033302 2033302 H/skool Garies                                        5           0             36            31               86,1            0             37            31               83,8            1             21            18               85,7
300033401 2033401 H/skool Hantam                                        4          19              75            47               62,7            3             61            42               68,9            0             77            52               67,5
300032305 2032305 H/skool Kharkhams                                     1           6             30            27               90,0            1             46            42               91,3            0             39            34               87,2
300033211 2033211 H/skool Loeriesfontein                                4           2             12               5             41,7            2             18            14               77,8            0             14            10               71,4
300031302 2031302 H/skool Nababeep                                      5           1             35            22               62,9            1             42            27               64,3            0             44            18               40,9
300032401 2032401 H/skool Namakwaland                                   5           3             92            85               92,4            4             111           102              91,9            0             104           97               93,3
300034309 2034309 H/skool O’kiep                                        4           3             59            45               76,3            4             61            46               75,4            0             38            34               89,5
300032308 2032308 H/skool Port Nolloth                                  4           7             36            29               80,6            4             31            23               74,2            4             42            30               71,4
300033313 2033313 H/skool Protea                                        2           2             20            18               90,0            4             26            23               88,5            6             18            12               66,7
300032402 2032402 H/skool S A Van Wyk                                   5           1             18            15               83,3            0             49            34               69,4            0             30            17               56,7
300031403 2031403 H/skool Steinkopf                                     4           6             86            63               73,3            8             87            69               79,3            0             58            43               74,1
300033303 2033303 H/skool Sutherland                                    4           0             14               8             57,1            0             11               5             45,5            1             11               7             63,6
300033304 2033304 H/skool Williston                                     4           3             18            14               77,8            0             19            14               73,7            0             28            24               85,7
300034401 2034401 St Anna Privaatskool                                  99            0            22            16               72,7             0              9              8             88,9             0            10               8             80,0
300011404 2011404 H/SCHOOL BONGANI                                      2           7             63            33               52,4          13              91            49               53,8            0             112           69               61,6
300023401 2023401 H/SCHOOL ENOCH MTHETHO                                2           1             26            13               50,0            3             33            22               66,7            0             30            20               66,7
300021403 2021403 H/SCHOOL MONWABISI                                    3         10              77            59               76,6            6             81            53               65,4            0             64            54               84,4
300023402 2023402 H/SCHOOL PHAKAMISANI                                  2         11              35            16               45,7            0             29            21               72,4            0             52            25               48,1
300021208 2021208 H/SCHOOL PHILIPSTOWN                                  1           2             20               3             15,0            0             27               9             33,3            0             18               9             50,0
300023403 2023403 H/SCHOOL UMSO                                         2         41              148           81               54,7          21              151           110              72,8            0             156           127              81,4
300024302 2024401 H/skool Carnarvon                                     4           1             54            38               70,4            6             62            51               82,3            0             62            55               88,7
300023302 2023302 H/skool Colesberg                                     4         10              48            40               83,3            1             58            55               94,8            2             52            49               94,2
300021401 2021401 H/skool De Aar                                        5           0             69            66               95,7            0             72            71               98,6            0             77            66               85,7
300011305 2011305 H/skool Douglas                                       5           3             31            29               93,5            0             26            26               100,0           0             31            31               100,0
300022402 2022402 H/skool Gariep                                        4           4             92            86               93,5            0             97            85               87,6            0             128           119              93,0
300022301 2022301 H/skool Hopetown                                      4           0             25            25               100,0           0             14            14               100,0           0             20            20               100,0
300016401 2016401 H/skool Karrikamma                                    2         15              62            49               79,0            8             61            44               72,1            1             79            65               82,3
300021404 2021404 H/skool Orion                                         2         16              78            47               60,3          16              80            35               43,8            0             64            48               75,0
300021402 2021402 H/skool Petrusville                                   1           3             77            51               66,2            9             70            49               70,0            0             85            67               78,8
300022302 2022302 H/skool Prieska                                       5           0             27            27               100,0           0             21            21               100,0           0             21            21               100,0
300024303 2024303 H/skool Richmond                                      4           1             44            23               52,3            6             54            27               50,0            0             43            36               83,7
300022305 2022305 H/skool Steynville                                    3         16              92            67               72,8          14              76            61               80,3            0             67            61               91,0
300022303 2022303 H/skool Theron                                        2           4             24            14               58,3          12              53            35               66,0            0             54            36               66,7
300021405 2021405 H/skool Veritas                                       2         22              89            41               46,1          27              132           79               59,8            0             89            51               57,3
300024307 2024307 H/skool Victoria-Wes                                  2           4             60            32               53,3            9             83            52               62,7            0             71            60               84,5
300011302 2011302 H/skool Weslaan                                       4         25              127           79               62,2          13              146           67               45,9            0             141           111              78,7
300023404 2023404 Noupoort Christian Education College                  5                                                                        0               7             7              100,0           0             11            11               100,0
300023303 2023303 Noupoort Gekombineerde Skool                          4           1             48            28               58,3            1             53            35               66,0            0             47            31               66,0
300022307 2022307 Strydenburg Combined School                           2           3             24            20               83,3            1             10              9              90,0            0             10              5              50,0
300024304 2024304 Victoria-Wes Gekombineerde Skool                      2           0             21            16               76,2           0             21            18               85,7           0             39            23               59,0
300042302 2042302 FRIERSDALE COMBINED SCHOOL                            2           3             38            28               73,7           0             41            35               85,4           7             45            41               91,1
300041401 2041401 H/skool A J Ferreira                                  4         17              114           74               64,9         23              136           100              73,5         20              131           98               74,8
300044401 2044401 H/skool Blinkklip                                     4         69              132           79               59,8         26              117           95               81,2         22              154           121              78,6
300043401 2043401 H/skool Carlton van Heerden                           4         49              219           177              80,8         21              220           176              80,0           9             242           204              84,3
300045302 2045302 H/skool Danielskuil                                   5           1             93            90               96,8           3             85            80               94,1           2             98            93               94,9
300041402 2041402 H/skool Duineveld                                     5           0             145           142              97,9           1             176           171              97,2           7             166           165              99,4
300043402 2043402 H/skool Groblershoop                                  4         10              156           109              69,9         11              139           105              75,5         17              154           137              89,0
300043303 2043303 H/skool Kakamas                                       4         25              150           53               35,3         12              134           69               51,5           0             117           70               59,8
300042303 2042303 H/skool Keimoes                                       4           3             54            48               88,9           1             67            65               97,0           0             71            70               98,6
300034305 2034305 H/skool Kenhardt                                      2           5             31            26               83,9           1             30            25               83,3           3             32            31               96,9
300045402 2045402 H/skool Kuilsville                                    4         46              103           69               67,0         30              100           79               79,0         26              98            88               89,8
300043403 2043403 H/skool Martin Oosthuizen                             5           0             37            36               97,3           0             45            44               97,8           1             42            41               97,6
300042401 2042401 H/skool Oranjezicht                                   4         16              78            42               53,8         13              117           89               76,1           4             98            87               88,8
300044403 2044403 H/skool Postmasburg                                   5           1             97            91               93,8           4             76            70               92,1           7             86            82               95,3
300041301 2041301 H/skool Rietfontein                                   1           9             77            47               61,0           0             62            49               79,0           0             81            62               76,5
300043306 2043306 H/skool S C Kearns                                    4         56              147           86               58,5         43              153           114              74,5         42              169           128              75,7
300042403 2042403 H/skool Saul Damon                                    3         29              136           92               67,6         12              136           101              74,3         13              182           149              81,9
300041403 2041403 H/skool Upington                                      5           1             107           103              96,3           1             125           123              98,4           0             116           115              99,1
300042402 2042402 Paballelo High School                                 1         23              116           81               69,8         31              173           124              71,7         19              155           110              71,0
300044404 2044404 Ratang-Thuto High School                              2         58              131           67               51,1           5             103           69               67,0           1             111           76               68,5
